30 26 03 19 24 23 14 39 16 13 35 28 17 20 22 08 45 44 40 21
21 40 44 45 08 22 20 17 28 35 13 16 39 14 23 24 19 03 26 30
05 01 13 17 20 08 21
21 08 20 17 13 01 05
06 50 01 09 14 39 16 13 35 28 17 20 22 08 40 21
21 40 08 22 20 17 28 35 13 16 39 14 09 01 50 06
06 50 02 01 09 16 13 35 28 17 20 31
31 20 17 28 35 13 16 09 01 02 50 06
03 19 24 23 14 16 13 35 28 17 20 22 08 40 21
21 40 08 22 20 17 28 35 13 16 14 23 24 19 03
06 50 01 09 14 39 16 13 35 17 20 22 36 08
08 36 22 20 17 35 13 16 39 14 09 01 50 06
06 13 08
08 13 06
16 13 35 28 17 20 22 33
33 22 20 17 28 35 13 16
16 13 35 28 17 20 22 08 40 21
21 40 08 22 20 17 28 35 13 16
06 50 01 09 16 13 35 28 17 20 22 08 40 21
21 40 08 22 20 17 28 35 13 16 09 01 50 06
03 19 14 39 13 17 20 22
22 20 17 13 39 14 19 03
